I      N      time      steps      time/complex          Classical Algorithm
      100      0.011      1000000      1.1e-08
      256      0.168      16777216     1.00136e-08
      500      1.419      125000000    1.1352e-08
      512      1.536      134217728    1.14441e-08
      1000     13.325     1000000000   1.3325e-08
      1024     14.654     1073741824   1.36476e-08

II      N      time      steps      time/complex      theoretic      theoretic/time  Strassen's Algorithm
      100      0.076      1605632      4.73334e-08      416869       1.82311e-07
      256      0.276      11239424     2.45564e-08      5849978      4.71797e-08
      500      1.329      78675968     1.68921e-08      38380065     3.46274e-08
      512      1.385      78675968     1.76039e-08      41025000     3.37599e-08
      1000     6.626      550731776    1.20313e-08      269153480    2.46179e-08
      1024     6.648      550731776    1.20712e-08      287701998    2.31072e-08

III      N      time      steps      time/complex      theoretic      theoretic/time  Vinograd's Algorithm
	  100      0.076      1605632       4.73334e-08         56493          1.3453e-06
      256      0.253      11239424      2.25101e-08         527203         4.79891e-07
      500      1.319      78675968      1.6765e-08          2586739        5.09908e-07
      512      1.403      78675968      1.78326e-08         2736688        5.12663e-07
      1000     6.854      550731776     1.24453e-08         13427649       5.10439e-07
      1024     7.048      550731776     1.27975e-08         14206029       4.96127e-07

II      N      time      steps      time/complex       theoretic      theoretic/time  Strassen's Algorithm
      100      0.065      1605632      4.04825e-08       411822        1.57835e-07
      256      0.324      11239424      2.88271e-08      5764801       5.62032e-08
      500      1.421      78675968      1.80614e-08      37754326      3.76381e-08
      512      1.372      78675968      1.74386e-08      40353607      3.39994e-08
	  600      5.697      550731776     1.03444e-08      62987821      9.04461e-08
	  700      5.794      550731776     1.05205e-08      97095697      5.96731e-08
      1000     6.609      550731776     1.20004e-08      264280284     2.50075e-08
      1024     6.72       550731776     1.22019e-08      282475249     2.37897e-08
     
     
